stud_num	github
31240109	不在
41023109	Yu-Fang-Hong
41023155	
41023232	YUN4
41023250	
41028142	v911110
41123102	
41123105	jyunci01
41123107	
41123111	kevingg601
41123115	41123115
41123117	
41123119	QIU0908
41123123	
41123126	
41123128	zhiyaooo28
41123130	411231-30
41123144	41123144
41123153	
41323101	41323101
41323102	HAU-UN102
41323103	41323103
41323104	HYCCC41323104
41323105	41323105
41323106	41323106
41323107	ruiyi512
41323109	41323109
41323116	lkj9527
41323117	Steven901128
41323120	
41323121	41323121
41323122	41323122
41323124	41323124
41323125	41323125
41323127	41323127
41323128	41323128
41323133	41323133
41323135	41323135
41323137	41323137cjc
41323139	41323139
41323140	41323140
41323142	SKYang41323142
41323143	41323143
41323145	shung0625
41323147	41323147
41323148	zhe0331
41323149	yun-0705
41323150	41323150
41323152	41323152
41323153	41323153su
41323217	linpastone
