stud_num	github
40932134	40932134
41023105	41023105
41023109	Yu-Fang-Hong
41023111	41023111
41023128	41023128
41023137	41023137
41023150	yckaooooo
41023220	
41023222	kolas911205
41223101	yan41223101
41223102	41223102
41223103	CYG41223103
41223104	41223104
41223105	41223105
41223106	CYA41223106
41223107	Lin41223107
41223110	41223110
41223111	FGH41223111
41223112	WSE41223112
41223113	41223113
41223114	kim41223114
41223116	41223116
41223117	Manto8
41223118	zhe41223118
41223119	
41223120	41223120
41223121	yan21ed
41223122	Spirit0224
41223123	G8People
41223124	
41223125	Linjiahong41223125
41223126	Ren911308
41223129	hong41223129
41223130	joeisme1208
41223131	yuhao-08
41223132	CHN41223132
41223133	41223133
41223134	41223134
41223136	41223136
41223137	41223137
41223138	41223138
41223140	41223140
41223141	41223141
41223143	41223143
41223144	41223144
41223146	41223146
41223147	41223147
41223148	
41223149	otakuyoyo
41223150	41223150
41223152	41223152
41223153	41223153
41223154	41223154
41223156	41223156
41223157	41223157
41223158	41223158
41271125	41271125
41271131	41271131
41271146	41271146
41271158	41271158
