stud_num	github
40923137	a40923137
41023114	41023114
41023205	
41023206	tseYU000
41023210	junpig10
41023213	41023213
41023215	41023215
41023216	41023216
41023218	snowfall-killer
41023232	YUN4
41023237	
41071202	41071202
41071203	41071203
41071204	41071204
41223201	41223201
41223202	41223202
41223203	41223203
41223205	41223205
41223206	41223206
41223207	emma0312
41223208	41223208-hw
41223209	41223209
41223210	
41223211	41223211
41223212	jjjay41223212
41223214	
41223215	RAY41223215
41223216	41223216
41223217	41223217
41223218	41223218
41223219	41223219
41223220	ljg41223220
41223221	leeshaowei0716
41223222	41223222
41223223	41223223
41223224	41223224
41223225	41223225
41223226	41223226-0
41223227	41223227
41223228	hyy41223228
41223229	41223229
41223230	41223230
41223231	41223231
41223232	41223232
41223233	
41223234	41223234
41223235	41223235
41223236	41223236
41223237	
41223239	
41223240	ych0227
41223242	41223242
41223243	41223243
41223244	Liu41223244
41223245	hw-41223245
41223246	41223246
41223247	CYC41223247
41223248	41223248
41223249	41223249
41223250	timluo123
41223251	41223251
41223252	supowen
41223253	
41271217	
41271236	41271236
41271237	41271237
